Insert into join_film_kino_uhrzeit (fk_film,fk_kino,fk_uhrzeit) Values
(1097,51,1),
(959,29,5),
(153,35,1),
(663,81,5),
(78,53,2),
(1084,20,4),
(854,57,1),
(185,34,5),
(320,87,4),
(1040,81,3),
(138,65,2),
(58,23,4),
(350,108,3),
(1092,83,4),
(557,1,1),
(433,76,2),
(433,27,2),
(1114,2,3),
(333,84,1),
(760,82,5),
(1025,88,4),
(331,10,5),
(1038,68,1),
(252,63,3),
(720,95,4),
(528,100,3),
(1084,94,5),
(318,79,1),
(553,73,5),
(518,96,2),
(170,20,4),
(692,42,2),
(557,80,5),
(881,5,2),
(910,99,4),
(558,82,4),
(115,46,1),
(135,22,4),
(477,54,1),
(727,13,2),
(635,93,2),
(866,79,2),
(72,85,2),
(340,19,6),
(1079,34,3),
(323,43,6),
(129,47,1),
(684,20,3),
(647,23,4),
(378,94,4),
(882,38,3),
(560,37,1),
(908,26,5),
(503,80,4),
(126,99,1),
(397,87,6),
(412,100,4),
(1121,3,4),
(280,65,4),
(834,52,1),
(265,64,4),
(1046,58,2),
(993,33,2),
(619,91,6),
(426,108,3),
(725,2,6),
(179,89,5),
(430,104,4),
(444,72,2),
(356,76,6),
(856,75,6),
(704,26,3),
(1016,12,5),
(71,85,4),
(665,96,3),
(1108,78,5),
(280,104,4),
(952,55,2),
(117,32,2),
(618,2,6),
(553,28,1),
(288,81,5),
(263,27,2),
(34,104,2),
(809,63,6),
(722,67,4),
(765,93,5),
(248,13,5),
(884,59,5),
(92,69,4),
(194,91,3),
(264,64,6),
(139,45,5),
(971,102,5),
(93,59,4),
(523,61,3),
(780,43,6),
(173,99,6),
(312,78,6),
(814,19,6),
(1024,79,3),
(913,24,5),
(102,72,3),
(873,102,3),
(523,14,1),
(366,52,1),
(570,66,5),
(927,29,3),
(733,68,3),
(382,101,6),
(418,39,2),
(1115,4,1),
(98,109,1),
(897,80,1),
(854,87,1),
(469,28,5),
(88,85,4),
(590,4,3),
(1017,28,5),
(161,26,4),
(675,109,6),
(333,63,4),
(427,93,4),
(639,101,5),
(33,9,6),
(980,2,1),
(286,66,3),
(33,77,1),
(560,1,2),
(17,104,5),
(1029,26,5),
(49,79,1),
(805,82,3),
(288,45,1),
(148,59,3),
(368,98,6),
(1059,9,6),
(183,106,3),
(553,14,6),
(613,24,4),
(135,90,4),
(343,71,4),
(971,23,6),
(59,102,3),
(1079,21,5),
(277,102,5),
(128,81,5),
(424,67,6),
(24,32,4),
(181,42,5),
(429,4,2),
(1118,93,3),
(895,84,2),
(107,59,4),
(709,104,1),
(171,23,2),
(246,96,1),
(923,15,3),
(370,88,6),
(588,92,1),
(284,46,1),
(440,90,5),
(78,19,2),
(657,80,1),
(716,62,3),
(480,62,5),
(897,83,5),
(788,60,2),
(834,76,4),
(1060,62,5),
(741,96,6),
(1001,83,3),
(706,74,1),
(532,40,1),
(796,57,2),
(723,56,5),
(749,86,4),
(1014,31,4),
(1128,61,4),
(728,3,5),
(383,35,2),
(161,39,1),
(790,7,3),
(1044,31,4),
(413,28,5),
(218,45,4),
(78,109,4),
(968,83,6),
(38,98,3),
(307,43,2),
(1033,97,2),
(957,68,5),
(889,45,6),
(750,83,5),
(808,57,6),
(796,1,3),
(1105,90,3),
(108,83,3),
(1094,55,1),
(1096,14,6),
(924,48,1),
(729,61,3),
(467,63,1),
(978,37,6),
(983,39,6),
(749,98,5),
(145,63,6),
(448,23,5),
(512,91,6),
(614,36,1),
(746,23,1),
(324,77,5),
(631,75,4),
(691,79,1),
(1128,2,6),
(1029,31,6),
(527,17,2),
(906,6,5),
(766,46,1),
(340,71,6),
(31,50,2),
(343,24,4),
(318,49,5),
(1020,24,4),
(670,23,2),
(597,94,3),
(406,36,2),
(722,46,2),
(119,84,3),
(950,17,3),
(794,72,1),
(958,46,1),
(942,85,5),
(843,64,1),
(413,31,3),
(102,6,4),
(585,107,4),
(639,107,5),
(1024,23,3),
(837,45,5),
(310,108,5),
(18,30,2),
(415,67,2),
(55,22,1),
(656,12,3),
(100,108,1),
(490,88,5),
(486,63,3),
(818,4,3),
(1062,21,6),
(53,107,4),
(522,48,1),
(351,89,1),
(814,52,6),
(719,20,2),
(99,51,1),
(940,93,6),
(581,108,2),
(73,91,4),
(550,10,5),
(643,30,3),
(608,80,1),
(1071,106,2),
(291,62,5),
(744,61,2),
(1033,38,1),
(418,37,2),
(264,38,2),
(511,46,6),
(660,104,3),
(1045,13,5),
(429,93,1),
(684,46,6),
(150,8,6),
(1109,70,1),
(299,40,5),
(180,41,2),
(547,9,5),
(722,29,4),
(709,105,2),
(194,96,5),
(399,41,5),
(649,89,4),
(540,72,6),
(19,31,5),
(369,63,4),
(673,14,4),
(498,107,5),
(470,13,1),
(577,77,4),
(57,46,5),
(445,61,5),
(245,43,5),
(675,9,3),
(70,12,1),
(633,45,4),
(618,103,3),
(822,64,4),
(478,2,6),
(849,69,6),
(973,78,3),
(343,101,2),
(359,105,6),
(663,24,6),
(665,57,2),
(160,8,3),
(483,71,6),
(918,4,3),
(770,96,5),
(876,75,4),
(521,88,3),
(629,83,4),
(477,63,5),
(463,7,4),
(995,21,4),
(445,103,3),
(1041,16,4),
(4,2,5),
(232,25,5),
(269,45,3),
(710,21,6),
(280,14,5),
(347,32,6),
(892,27,5),
(867,20,4),
(586,10,3),
(190,34,2),
(796,105,5),
(1025,103,5),
(364,32,6),
(800,99,2),
(1030,63,6),
(1126,17,1),
(665,31,1),
(1039,53,1),
(289,78,1),
(710,68,6),
(287,48,3),
(377,77,4),
(316,19,3),
(564,50,3),
(1082,21,1),
(1091,22,6),
(1001,4,2),
(684,90,3),
(319,103,1),
(618,51,3),
(950,47,2),
(467,95,5),
(717,72,4),
(1116,44,1),
(470,44,6),
(467,45,3),
(691,47,6),
(883,67,5),
(612,81,6),
(248,37,5),
(499,30,1),
(592,22,5),
(990,49,5),
(891,94,3),
(242,27,6),
(260,17,3),
(94,40,3),
(771,67,6),
(399,38,6),
(1020,52,2),
(424,4,5),
(873,54,4),
(487,80,5),
(572,22,5),
(160,15,4),
(733,52,6),
(289,98,3),
(1035,43,2),
(1130,55,6),
(655,66,6),
(608,19,5),
(136,101,4),
(257,46,4),
(977,53,2),
(994,10,3),
(274,32,2),
(500,1,4),
(160,88,3),
(836,44,4),
(436,55,2),
(385,105,6),
(75,69,6),
(730,32,4),
(624,83,6),
(705,3,6),
(961,80,5),
(732,64,1),
(483,49,4),
(521,83,6),
(317,64,6),
(947,36,3),
(505,72,4),
(122,13,4),
(806,100,3),
(1071,40,2),
(405,72,6),
(418,72,4),
(1097,48,4),
(906,96,5),
(111,59,2),
(547,38,6),
(624,99,3),
(261,47,6),
(988,64,5),
(781,27,2),
(1077,32,3),
(492,21,3),
(543,61,2),
(718,33,6),
(153,34,1),
(767,72,4),
(1117,105,5),
(532,93,5),
(170,29,4),
(876,104,2),
(749,2,3),
(936,99,4),
(75,42,5),
(970,54,1),
(733,48,1),
(914,86,6),
(443,67,3),
(561,85,5),
(279,72,5),
(142,84,2),
(1039,96,3),
(508,110,3),
(612,84,1),
(419,30,6),
(983,109,5),
(85,82,4),
(1020,88,4),
(93,1,1),
(199,9,3),
(610,46,1),
(404,38,1),
(536,97,4),
(93,30,5),
(1037,38,5),
(194,110,6),
(123,42,5),
(711,19,4),
(572,27,4),
(609,87,5),
(880,80,1),
(1099,95,1),
(944,4,2),
(1014,46,3),
(57,51,4),
(648,16,1),
(615,94,4),
(1049,38,6),
(1046,97,2),
(646,50,5),
(530,72,5),
(717,92,5),
(1056,76,4),
(593,67,3),
(1106,71,6),
(261,54,6),
(692,82,1),
(964,82,3),
(625,22,4),
(536,54,3),
(336,105,6),
(179,67,3),
(246,63,4),
(232,42,6),
(1071,93,5),
(698,20,6),
(759,35,1),
(1105,34,3),
(45,92,2),
(510,98,1),
(960,101,2),
(776,109,3),
(555,98,6),
(621,65,5),
(1091,33,2),
(975,32,6),
(184,88,1),
(764,12,1),
(92,77,6),
(249,74,4),
(837,19,4),
(150,86,3),
(995,48,6),
(12,77,6),
(397,29,1),
(227,105,1),
(360,109,6),
(656,55,2),
(798,78,5),
(799,67,2),
(133,25,6),
(784,32,4),
(667,41,4),
(832,13,2),
(3,79,6),
(991,35,6),
(321,92,1),
(8,101,3),
(232,68,6),
(782,91,6),
(481,33,4),
(429,39,1),
(369,109,2),
(135,22,5),
(538,10,4),
(348,65,6),
(566,21,1),
(1124,6,6),
(1109,55,5),
(916,94,1),
(265,37,4),
(854,66,4),
(307,6,4),
(494,88,2),
(277,7,6),
(154,82,1),
(804,63,3),
(203,72,4),
(964,3,2),
(605,31,3),
(551,58,5),
(919,68,3),
(733,79,1),
(815,9,5),
(890,108,6),
(503,47,1),
(293,31,3),
(1004,11,4),
(967,93,4),
(663,39,4),
(861,16,3),
(33,8,5),
(219,14,3),
(1120,24,2),
(389,64,2),
(197,63,4),
(773,87,1),
(779,60,1),
(370,96,4),
(918,22,6),
(252,46,6),
(185,2,2),
(100,56,1),
(842,20,2),
(353,83,5),
(127,55,6),
(381,57,2),
(1126,83,2),
(562,39,3),
(1087,105,6),
(777,78,2),
(761,14,6),
(142,59,4),
(635,38,5),
(382,92,2),
(979,83,6),
(932,48,6),
(577,83,1),
(1127,89,2),
(753,85,1),
(106,39,5),
(114,85,5),
(1112,108,6),
(267,33,6),
(275,105,5),
(647,66,4),
(739,18,6),
(364,30,4),
(276,25,6),
(415,7,1),
(385,60,2),
(315,15,3),
(859,26,6),
(242,10,4),
(1060,88,3),
(66,69,2),
(928,86,4),
(59,96,1),
(459,15,3),
(217,79,1),
(681,72,2),
(394,91,5),
(170,13,5),
(698,89,2),
(246,31,3),
(941,4,2),
(339,11,5),
(832,41,2),
(392,17,5),
(896,23,3),
(697,56,1),
(96,44,3),
(841,24,2),
(264,52,3),
(829,103,4),
(958,60,3),
(655,55,5),
(467,57,2),
(925,104,5),
(163,30,3),
(214,26,3),
(233,85,1),
(159,110,3),
(891,92,1),
(687,9,2),
(627,101,2),
(340,85,3),
(136,10,6),
(1077,3,2),
(1032,91,4),
(1093,7,2),
(842,63,2),
(731,5,5),
(620,40,6),
(459,41,5),
(533,41,5),
(997,98,4),
(1027,8,4),
(583,90,4),
(463,92,6),
(852,81,5),
(1096,83,6),
(81,6,5),
(1019,74,3),
(970,67,1),
(811,62,4),
(1048,13,5),
(652,10,3),
(445,7,4),
(1034,29,5),
(376,43,1),
(941,26,3),
(17,1,2),
(129,31,3),
(143,29,5),
(762,84,2),
(43,12,3),
(639,35,5),
(1020,54,3),
(1,29,4),
(830,66,2),
(391,42,5),
(816,89,2),
(98,103,3),
(722,48,1),
(104,65,1),
(524,103,5),
(692,44,5),
(250,50,2),
(813,8,2),
(406,10,1),
(319,51,2),
(681,10,5),
(821,33,6),
(393,48,5),
(80,3,4),
(476,95,5),
(990,18,6),
(131,61,5),
(542,71,5),
(1016,70,1),
(790,11,5),
(514,102,4),
(782,33,4),
(748,78,5),
(211,95,3),
(195,55,6),
(334,75,5),
(764,61,3),
(283,38,1),
(316,44,3),
(603,49,2),
(521,70,6),
(100,7,1),
(542,94,4),
(154,63,2),
(763,75,4),
(547,10,3),
(333,58,6),
(57,14,4),
(369,17,2),
(1107,25,3),
(1131,37,2),
(1127,32,5),
(484,20,5),
(1021,100,4),
(720,41,6),
(908,67,4),
(407,82,1),
(897,57,3),
(182,39,4),
(336,31,3),
(681,53,1),
(1049,62,5),
(54,34,1),
(523,88,3),
(758,77,2),
(1053,64,4),
(136,62,1),
(498,39,6),
(892,109,2),
(530,43,5),
(698,104,6),
(569,98,5),
(1038,102,6),
(872,64,6),
(679,107,1),
(179,45,2),
(239,1,1),
(289,85,2),
(547,83,3),
(687,49,4),
(267,17,5),
(893,41,1),
(188,103,5),
(704,23,4),
(299,37,6),
(852,69,6),
(957,50,1),
(300,2,2),
(1021,76,4),
(330,97,6),
(937,94,4),
(47,79,6),
(321,62,6),
(424,55,3),
(66,14,1),
(805,31,3),
(884,37,2),
(818,58,3),
(901,74,3),
(708,49,4),
(365,42,4),
(824,34,3),
(437,19,1),
(298,22,4),
(452,26,3),
(757,34,3),
(732,46,5),
(404,28,3),
(538,47,1),
(134,78,3),
(482,8,1),
(860,36,2),
(142,16,3),
(573,93,1),
(128,34,4),
(754,38,4),
(123,74,1),
(350,5,2),
(318,20,5),
(514,69,5),
(838,70,1),
(1034,7,6),
(228,30,5),
(784,40,3),
(1039,12,5),
(500,101,4),
(985,57,4),
(805,79,3),
(7,35,6),
(324,17,3),
(62,87,6),
(885,104,5),
(988,72,1),
(225,77,1),
(367,74,4),
(1082,80,3),
(1071,47,5),
(901,102,3),
(970,62,1),
(132,68,2),
(680,76,6),
(694,15,6),
(885,36,4),
(611,56,2),
(83,98,4),
(221,76,6),
(597,44,6),
(782,39,2),
(470,102,3),
(416,27,4),
(876,55,5),
(468,93,1),
(67,16,1),
(173,35,3),
(323,39,1),
(748,13,6),
(387,102,1),
(169,85,4),
(473,35,6),
(570,10,4),
(876,82,3),
(549,83,2),
(518,44,6),
(54,13,4),
(743,109,3),
(637,64,6),
(807,85,3),
(321,72,6),
(440,33,2),
(968,53,2),
(855,13,4),
(108,71,5),
(425,29,6),
(833,2,6),
(176,43,1),
(75,20,3),
(890,47,4),
(929,104,4),
(744,39,1),
(455,60,3),
(1124,103,2),
(510,37,4),
(593,57,5),
(1105,79,6),
(863,51,4),
(753,13,6),
(151,56,3),
(1044,31,5),
(502,84,4),
(873,5,5),
(543,47,4),
(858,107,6),
(695,46,6),
(882,95,3),
(787,96,1),
(1037,45,6),
(754,19,2),
(369,74,5),
(449,60,1),
(20,31,5),
(49,46,3),
(791,97,4),
(1033,87,2),
(264,103,5),
(331,69,6),
(874,8,5),
(401,41,2),
(840,102,2),
(360,61,6),
(995,20,2),
(872,12,3),
(123,110,6),
(138,72,5),
(522,35,1),
(1083,99,5),
(610,80,4),
(12,54,1),
(292,36,1),
(532,82,6),
(51,72,2),
(637,16,5),
(1073,13,5),
(97,81,3),
(878,40,1),
(349,16,4),
(251,90,1),
(971,66,3),
(478,103,5),
(1119,41,4),
(443,85,1),
(766,34,3),
(702,50,6),
(1091,34,3),
(701,63,5),
(362,38,2),
(449,61,4),
(184,51,2),
(510,16,3),
(917,88,6),
(163,5,1),
(457,39,6),
(1079,83,6),
(173,57,4),
(88,39,1),
(223,105,1),
(1084,66,1),
(859,70,2),
(733,22,6),
(840,76,6),
(490,110,4),
(465,40,3),
(464,65,2),
(574,81,5),
(785,43,5),
(830,82,4),
(983,48,4),
(775,16,1),
(600,30,1),
(258,110,6),
(1084,28,5),
(540,15,3),
(239,100,6),
(986,74,1),
(1088,48,2),
(128,15,6),
(1072,43,2),
(236,90,1),
(482,5,4),
(637,109,3),
(1069,5,6),
(802,97,2),
(845,20,4),
(974,64,3),
(438,12,3),
(918,36,4),
(838,11,4),
(820,51,1),
(587,9,5),
(13,86,3),
(506,40,4),
(765,60,2),
(82,45,5),
(329,101,3),
(254,46,3),
(547,92,3),
(778,40,4),
(952,3,2),
(451,34,3),
(1062,95,2),
(1081,24,5),
(926,26,5),
(424,46,4),
(18,8,3),
(222,97,3),
(929,69,3),
(298,25,1),
(331,46,4),
(1043,3,2),
(9,82,4),
(717,16,6),
(709,10,6),
(1087,33,5),
(618,22,3),
(350,75,2),
(435,61,1),
(1081,40,6),
(239,17,4),
(328,22,4),
(669,110,1),
(370,105,6),
(318,77,3),
(621,2,4),
(349,48,4),
(988,25,1),
(655,51,6),
(762,101,4),
(250,48,6),
(814,17,5),
(742,105,1),
(198,82,5),
(1052,68,3),
(440,16,4),
(119,51,6),
(563,77,3),
(1075,41,3),
(604,27,2),
(590,75,6),
(512,51,1),
(966,62,1),
(1114,51,4),
(137,80,5),
(679,18,3),
(984,103,1),
(670,22,6),
(128,91,1),
(116,15,4),
(1074,59,4),
(877,39,4),
(41,14,4),
(133,52,4),
(818,77,4),
(990,32,3),
(842,33,2),
(965,74,1),
(951,97,2),
(554,5,1),
(890,22,3),
(1066,108,1),
(489,78,4),
(1003,54,5),
(142,90,2),
(745,45,2),
(193,10,3),
(713,66,6),
(1027,70,1),
(459,95,6),
(859,4,3),
